-0.000152544 0
-0.000152515 0.00976562

-0.000152514 0.00976562
-0.000152425 0.0195312

-0.000152425 0.0195312
-0.000152277 0.0292969

-0.000152277 0.0292969
-0.000152069 0.0390625

-0.000152069 0.0390625
-0.000151804 0.0488281

-0.000151804 0.0488281
-0.000151482 0.0585938

-0.000151482 0.0585938
-0.000151103 0.0683594

-0.000151103 0.0683594
-0.000150669 0.078125

-0.000150668 0.078125
-0.00015018 0.0878906

-0.00015018 0.0878906
-0.000149638 0.0976562

-0.000149637 0.0976562
-0.000149043 0.107422

-0.000149043 0.107422
-0.000148398 0.117188

-0.000148397 0.117188
-0.000147702 0.126953

-0.000147701 0.126953
-0.000146957 0.136719

-0.000146957 0.136719
-0.000146164 0.146484

-0.000146164 0.146484
-0.000145325 0.15625

-0.000145325 0.15625
-0.000144439 0.166016

-0.000144439 0.166016
-0.000143509 0.175781

-0.000143509 0.175781
-0.000142536 0.185547

-0.000142535 0.185547
-0.000141519 0.195312

-0.000141519 0.195312
-0.000140461 0.205078

-0.000140461 0.205078
-0.000139363 0.214844

-0.000139362 0.214844
-0.000138225 0.224609

-0.000138225 0.224609
-0.00013705 0.234375

-0.00013705 0.234375
-0.000135838 0.244141

-0.000135838 0.244141
-0.000134591 0.253906

-0.000134591 0.253906
-0.000133311 0.263672

-0.00013331 0.263672
-0.000131998 0.273438

-0.000131997 0.273438
-0.000130654 0.283203

-0.000130654 0.283203
-0.000129281 0.292969

-0.00012928 0.292969
-0.000127879 0.302734

-0.000127879 0.302734
-0.000126451 0.3125

-0.00012645 0.3125
-0.000124998 0.322266

-0.000124997 0.322266
-0.000123522 0.332031

-0.000123522 0.332031
-0.000122025 0.341797

-0.000122025 0.341797
-0.000120509 0.351562

-0.000120509 0.351562
-0.000118971 0.361328

-0.000118971 0.361328
-0.000117414 0.371094

-0.000117414 0.371094
-0.000115837 0.380859

-0.000115836 0.380859
-0.000114243 0.390625

-0.000114242 0.390625
-0.000112633 0.400391

-0.000112633 0.400391
-0.000111011 0.410156

-0.000111011 0.410156
-0.000109379 0.419922

-0.000109379 0.419922
-0.000107736 0.429688

-0.000107736 0.429688
-0.000106085 0.439453

-0.000106084 0.439453
-0.000104425 0.449219

-0.000104424 0.449219
-0.000102758 0.458984

-0.000102757 0.458984
-0.000101085 0.46875

-0.000101085 0.46875
-9.94102e-05 0.478516

-9.94098e-05 0.478516
-9.77339e-05 0.488281

-9.77336e-05 0.488281
-9.6058e-05 0.498047

-9.60577e-05 0.498047
-9.43836e-05 0.507812

-9.43833e-05 0.507812
-9.27116e-05 0.517578

-9.27114e-05 0.517578
-9.10432e-05 0.527344

-9.10428e-05 0.527344
-8.93795e-05 0.537109

-8.93791e-05 0.537109
-8.77223e-05 0.546875

-8.77218e-05 0.546875
-8.60734e-05 0.556641

-8.60729e-05 0.556641
-8.44351e-05 0.566406

-8.44346e-05 0.566406
-8.28094e-05 0.576172

-8.2809e-05 0.576172
-8.11981e-05 0.585938

-8.11978e-05 0.585938
-7.96026e-05 0.595703

-7.96023e-05 0.595703
-7.80241e-05 0.605469

-7.80239e-05 0.605469
-7.64637e-05 0.615234

-7.64634e-05 0.615234
-7.49224e-05 0.625

-7.49221e-05 0.625
-7.34015e-05 0.634766

-7.34012e-05 0.634766
-7.19024e-05 0.644531

-7.19021e-05 0.644531
-7.04264e-05 0.654297

-7.04262e-05 0.654297
-6.89748e-05 0.664062

-6.89747e-05 0.664062
-6.75482e-05 0.673828

-6.75483e-05 0.673828
-6.61469e-05 0.683594

-6.6147e-05 0.683594
-6.47706e-05 0.693359

-6.47707e-05 0.693359
-6.34187e-05 0.703125

-6.34188e-05 0.703125
-6.20905e-05 0.712891

-6.20906e-05 0.712891
-6.07854e-05 0.722656

-6.07856e-05 0.722656
-5.95029e-05 0.732422

-5.95031e-05 0.732422
-5.8242e-05 0.742188

-5.82424e-05 0.742188
-5.70018e-05 0.751953

-5.70023e-05 0.751953
-5.57806e-05 0.761719

-5.57812e-05 0.761719
-5.45764e-05 0.771484

-5.4577e-05 0.771484
-5.33868e-05 0.78125

-5.33875e-05 0.78125
-5.22094e-05 0.791016

-5.22099e-05 0.791016
-5.10416e-05 0.800781

-5.1042e-05 0.800781
-4.98814e-05 0.810547

-4.98817e-05 0.810547
-4.87271e-05 0.820312

-4.87272e-05 0.820312
-4.75781e-05 0.830078

-4.7578e-05 0.830078
-4.64343e-05 0.839844

-4.64339e-05 0.839844
-4.52967e-05 0.849609

-4.52961e-05 0.849609
-4.41672e-05 0.859375

-4.41664e-05 0.859375
-4.30484e-05 0.869141

-4.30476e-05 0.869141
-4.19436e-05 0.878906

-4.19427e-05 0.878906
-4.08563e-05 0.888672

-4.08555e-05 0.888672
-3.97901e-05 0.898438

-3.97894e-05 0.898438
-3.87481e-05 0.908203

-3.87476e-05 0.908203
-3.7733e-05 0.917969

-3.77327e-05 0.917969
-3.67465e-05 0.927734

-3.67465e-05 0.927734
-3.57893e-05 0.9375

-3.57895e-05 0.9375
-3.4861e-05 0.947266

-3.48614e-05 0.947266
-3.39602e-05 0.957031

-3.39608e-05 0.957031
-3.30851e-05 0.966797

-3.30857e-05 0.966797
-3.22332e-05 0.976562

-3.22338e-05 0.976562
-3.1402e-05 0.986328

-3.14026e-05 0.986328
-3.05892e-05 0.996094

-3.05896e-05 0.996094
-2.97927e-05 1.00586

-2.9793e-05 1.00586
-2.90109e-05 1.01562

-2.90111e-05 1.01562
-2.82427e-05 1.02539

-2.82428e-05 1.02539
-2.74873e-05 1.03516

-2.74874e-05 1.03516
-2.67441e-05 1.04492

-2.67442e-05 1.04492
-2.60127e-05 1.05469

-2.60128e-05 1.05469
-2.52927e-05 1.06445

-2.52927e-05 1.06445
-2.45836e-05 1.07422

-2.45836e-05 1.07422
-2.38853e-05 1.08398

-2.38852e-05 1.08398
-2.3198e-05 1.09375

-2.31978e-05 1.09375
-2.25225e-05 1.10352

-2.25221e-05 1.10352
-2.18597e-05 1.11328

-2.18594e-05 1.11328
-2.12113e-05 1.12305

-2.1211e-05 1.12305
-2.05784e-05 1.13281

-2.05782e-05 1.13281
-1.99622e-05 1.14258

-1.99622e-05 1.14258
-1.93629e-05 1.15234

-1.9363e-05 1.15234
-1.87803e-05 1.16211

-1.87805e-05 1.16211
-1.82134e-05 1.17188

-1.82137e-05 1.17188
-1.76611e-05 1.18164

-1.76614e-05 1.18164
-1.71224e-05 1.19141

-1.71225e-05 1.19141
-1.65963e-05 1.20117

-1.65963e-05 1.20117
-1.60826e-05 1.21094

-1.60826e-05 1.21094
-1.55815e-05 1.2207

-1.55814e-05 1.2207
-1.50932e-05 1.23047

-1.50931e-05 1.23047
-1.46182e-05 1.24023

-1.46182e-05 1.24023
-1.41566e-05 1.25

-1.41566e-05 1.25
-1.37082e-05 1.25977

-1.37084e-05 1.25977
-1.32727e-05 1.26953

-1.32728e-05 1.26953
-1.28494e-05 1.2793

-1.28495e-05 1.2793
-1.24377e-05 1.28906

-1.24378e-05 1.28906
-1.20371e-05 1.29883

-1.20371e-05 1.29883
-1.16472e-05 1.30859

-1.16473e-05 1.30859
-1.1268e-05 1.31836

-1.1268e-05 1.31836
-1.08989e-05 1.32812

-1.0899e-05 1.32812
-1.05399e-05 1.33789

-1.054e-05 1.33789
-1.01906e-05 1.34766

-1.01907e-05 1.34766
-9.8505e-06 1.35742

-9.85059e-06 1.35742
-9.51937e-06 1.36719

-9.51945e-06 1.36719
-9.19684e-06 1.37695

-9.19691e-06 1.37695
-8.88258e-06 1.38672

-8.88266e-06 1.38672
-8.57633e-06 1.39648

-8.57642e-06 1.39648
-8.27775e-06 1.40625

-8.27783e-06 1.40625
-7.98647e-06 1.41602

-7.98663e-06 1.41602
-7.70212e-06 1.42578

-7.7021e-06 1.42578
-7.42415e-06 1.43555

-7.42426e-06 1.43555
-7.15269e-06 1.44531

-7.15272e-06 1.44531
-6.88726e-06 1.45508

-6.88725e-06 1.45508
-6.62785e-06 1.46484

-6.62785e-06 1.46484
-6.37453e-06 1.47461

-6.37452e-06 1.47461
-6.1273e-06 1.48438

-6.12731e-06 1.48438
-5.88617e-06 1.49414

-5.88618e-06 1.49414
-5.6511e-06 1.50391

-5.65111e-06 1.50391
-5.42204e-06 1.51367

-5.42206e-06 1.51367
-5.19896e-06 1.52344

-5.19898e-06 1.52344
-4.98177e-06 1.5332

-4.9818e-06 1.5332
-4.7704e-06 1.54297

-4.77043e-06 1.54297
-4.56476e-06 1.55273

-4.56478e-06 1.55273
-4.36472e-06 1.5625

-4.36475e-06 1.5625
-4.1702e-06 1.57227

-4.17022e-06 1.57227
-3.98107e-06 1.58203

-3.98109e-06 1.58203
-3.79723e-06 1.5918

-3.79725e-06 1.5918
-3.6186e-06 1.60156

-3.6186e-06 1.60156
-3.44515e-06 1.61133

-3.44514e-06 1.61133
-3.27689e-06 1.62109

-3.2769e-06 1.62109
-3.11383e-06 1.63086

-3.11388e-06 1.63086
-2.95584e-06 1.64062

-2.9559e-06 1.64062
-2.80265e-06 1.65039

-2.80268e-06 1.65039
-2.65406e-06 1.66016

-2.65405e-06 1.66016
-2.51e-06 1.66992

-2.51e-06 1.66992
-2.37052e-06 1.67969

-2.37053e-06 1.67969
-2.23557e-06 1.68945

-2.23559e-06 1.68945
-2.1051e-06 1.69922

-2.10511e-06 1.69922
-1.97903e-06 1.70898

-1.97904e-06 1.70898
-1.85734e-06 1.71875

-1.85735e-06 1.71875
-1.73999e-06 1.72852

-1.74001e-06 1.72852
-1.62696e-06 1.73828

-1.627e-06 1.73828
-1.51812e-06 1.74805

-1.51817e-06 1.74805
-1.41329e-06 1.75781

-1.41332e-06 1.75781
-1.31228e-06 1.76758

-1.31233e-06 1.76758
-1.21495e-06 1.77734

-1.21498e-06 1.77734
-1.12109e-06 1.78711

-1.12109e-06 1.78711
-1.03062e-06 1.79688

-1.03061e-06 1.79688
-9.43584e-07 1.80664

-9.43589e-07 1.80664
-8.59996e-07 1.81641

-8.60003e-07 1.81641
-7.7982e-07 1.82617

-7.79828e-07 1.82617
-7.03024e-07 1.83594

-7.03029e-07 1.83594
-6.29575e-07 1.8457

-6.29586e-07 1.8457
-5.59451e-07 1.85547

-5.59473e-07 1.85547
-4.9259e-07 1.86523

-4.92632e-07 1.86523
-4.28872e-07 1.875

-4.28943e-07 1.875
-3.68081e-07 1.88477

-3.68172e-07 1.88477
-3.09885e-07 1.89453

-3.09995e-07 1.89453
-2.53884e-07 1.9043

-2.53996e-07 1.9043
-1.99615e-07 1.91406

-1.99719e-07 1.91406
-1.46638e-07 1.92383

-1.46713e-07 1.92383
-9.4572e-08 1.93359

-9.46061e-08 1.93359
-4.31854e-08 1.94336

-7.21835e-08 3.41797
-2.61277e-07 3.4375

-2.69269e-07 3.4375
-4.21855e-07 3.45703

-4.24097e-07 3.45703
-5.19708e-07 3.47656

-5.16943e-07 3.47656
-5.56625e-07 3.49609

-5.62753e-07 3.49609
-5.39781e-07 3.51562

-5.41805e-07 3.51562
-4.39872e-07 3.53516

-4.44203e-07 3.53516
-2.50598e-07 3.55469

-2.52174e-07 4.25781
-1.38564e-06 4.29688

-1.29766e-06 4.29688
-2.34557e-06 4.33594

-2.42322e-06 4.33594
-3.40626e-06 4.375

-3.4364e-06 4.375
-4.139e-06 4.41406

-4.23602e-06 4.41406
-4.40386e-06 4.45312

-4.38791e-06 4.45312
-3.85884e-06 4.49219

-4.0009e-06 4.49219
-2.52269e-06 4.53125

-1.51805e-06 4.53125
-1.1364e-07 4.60938

-8.0884e-07 4.60938
-9.58684e-07 4.6875

-1.71941e-06 4.6875
-5.11659e-07 4.76562

-1.96896e-06 5.46875
-4.14492e-06 5.625

-5.17908e-06 5.625
-3.25308e-06 5.9375

-6.72886e-07 7.1875
-8.92361e-07 7.5

-3.04932e-07 9.0625
-3.52191e-07 9.375

-3.44222e-07 9.375
-3.75913e-07 9.6875

-3.8076e-07 9.6875
-4.03128e-07 10

-3.97215e-07 10
-4.12393e-07 10.3125

-4.16491e-07 10.3125
-4.2811e-07 10.625

-4.23969e-07 10.625
-4.32115e-07 10.9375

-4.35174e-07 10.9375
-4.4201e-07 11.25

-4.39228e-07 11.25
-4.44201e-07 11.5625

-4.46302e-07 11.5625
-4.50776e-07 11.875

-4.48969e-07 11.875
-4.52355e-07 12.1875

-4.53726e-07 12.1875
-4.56893e-07 12.5

-4.55749e-07 12.5
-4.58245e-07 12.8125

-4.59111e-07 12.8125
-4.61492e-07 13.125

-4.60785e-07 13.125
-4.62731e-07 13.4375

-4.63262e-07 13.4375
-4.65124e-07 13.75

-4.64696e-07 13.75
-4.66268e-07 14.0625

-4.66589e-07 14.0625
-4.68088e-07 14.375

-4.67832e-07 14.375
-4.6913e-07 14.6875

-4.69321e-07 14.6875
-4.70549e-07 15

-4.70398e-07 15
-4.71479e-07 15.3125

-4.71591e-07 15.3125
-4.72604e-07 15.625

-4.72516e-07 15.625
-4.73415e-07 15.9375

-4.73479e-07 15.9375
-4.74312e-07 16.25

-4.74261e-07 16.25
-4.74999e-07 16.5625

-4.75036e-07 16.5625
-4.7571e-07 16.875

-4.7568e-07 16.875
-4.76273e-07 17.1875

-4.76295e-07 17.1875
-4.76824e-07 17.5

-4.76807e-07 17.5
-4.77264e-07 17.8125

-4.77277e-07 17.8125
-4.77672e-07 18.125

-4.77662e-07 18.125
-4.77992e-07 18.4375

-4.77999e-07 18.4375
-4.78269e-07 18.75

-4.78264e-07 18.75
-4.78469e-07 19.0625

-4.78472e-07 19.0625
-4.78617e-07 19.375

-4.78632e-07 19.375
-4.78683e-07 19.6875

-4.78649e-07 19.6875
-4.78644e-07 20

7.63014e-09 1.95312
5.75339e-08 1.96289

5.76279e-08 1.96289
1.06384e-07 1.97266

1.06486e-07 1.97266
1.53704e-07 1.98242

1.53781e-07 1.98242
1.99105e-07 1.99219

1.99133e-07 1.99219
2.42352e-07 2.00195

2.42314e-07 2.00195
2.83449e-07 2.01172

2.8334e-07 2.01172
3.22684e-07 2.02148

3.22513e-07 2.02148
3.60624e-07 2.03125

3.60411e-07 2.03125
3.98057e-07 2.04102

3.97843e-07 2.04102
4.35876e-07 2.05078

4.35713e-07 2.05078
4.74886e-07 2.06055

4.74822e-07 2.06055
5.15587e-07 2.07031

5.15644e-07 2.07031
5.58016e-07 2.08008

5.58171e-07 2.08008
6.01727e-07 2.08984

6.01944e-07 2.08984
6.45939e-07 2.09961

6.46177e-07 2.09961
6.89697e-07 2.10938

6.89942e-07 2.10938
7.32022e-07 2.11914

7.32253e-07 2.11914
7.71942e-07 2.12891

7.7213e-07 2.12891
8.08589e-07 2.13867

8.08689e-07 2.13867
8.41342e-07 2.14844

8.41333e-07 2.14844
8.69998e-07 2.1582

8.69919e-07 2.1582
8.94774e-07 2.16797

8.947e-07 2.16797
9.16051e-07 2.17773

9.16039e-07 2.17773
9.34055e-07 2.1875

9.34066e-07 2.1875
9.4875e-07 2.19727

9.4866e-07 2.19727
9.6017e-07 2.20703

9.59864e-07 2.20703
9.68993e-07 2.2168

9.68493e-07 2.2168
9.76853e-07 2.22656

9.76336e-07 2.22656
9.85959e-07 2.23633

9.85686e-07 2.23633
9.98153e-07 2.24609

9.98273e-07 2.24609
1.01389e-06 2.25586

1.0143e-06 2.25586
1.03199e-06 2.26562

1.03242e-06 2.26562
1.0505e-06 2.27539

1.05058e-06 2.27539
1.06805e-06 2.28516

1.06764e-06 2.28516
1.08515e-06 2.29492

1.08442e-06 2.29492
1.10426e-06 2.30469

1.10359e-06 2.30469
1.12857e-06 2.31445

1.12839e-06 2.31445
1.16021e-06 2.32422

1.16071e-06 2.32422
1.19871e-06 2.33398

1.19973e-06 2.33398
1.24087e-06 2.34375

1.242e-06 2.34375
1.28198e-06 2.35352

1.28273e-06 2.35352
1.3178e-06 2.36328

1.31793e-06 2.36328
1.34634e-06 2.37305

1.3459e-06 2.37305
1.36829e-06 2.38281

1.36758e-06 2.38281
1.3862e-06 2.39258

1.3856e-06 2.39258
1.40307e-06 2.40234

1.40276e-06 2.40234
1.4209e-06 2.41211

1.42088e-06 2.41211
1.44034e-06 2.42188

1.44054e-06 2.42188
1.46093e-06 2.43164

1.46129e-06 2.43164
1.48151e-06 2.44141

1.48206e-06 2.44141
1.50029e-06 2.45117

1.50104e-06 2.45117
1.51467e-06 2.46094

1.51548e-06 2.46094
1.52137e-06 2.4707

1.52189e-06 2.4707
1.51738e-06 2.48047

1.51726e-06 2.48047
1.50157e-06 2.49023

1.50072e-06 2.49023
1.4758e-06 2.5

1.4745e-06 2.5
1.44467e-06 2.50977

1.44352e-06 2.50977
1.41367e-06 2.51953

1.41317e-06 2.51953
1.38657e-06 2.5293

1.38684e-06 2.5293
1.36392e-06 2.53906

1.36465e-06 2.53906
1.34341e-06 2.54883

1.34404e-06 2.54883
1.3218e-06 2.55859

1.32197e-06 2.55859
1.29713e-06 2.56836

1.29687e-06 2.56836
1.2696e-06 2.57812

1.26919e-06 2.57812
1.24085e-06 2.58789

1.24062e-06 2.58789
1.21249e-06 2.59766

1.21261e-06 2.59766
1.18488e-06 2.60742

1.18526e-06 2.60742
1.15695e-06 2.61719

1.15733e-06 2.61719
1.12689e-06 2.62695

1.12691e-06 2.62695
1.09356e-06 2.63672

1.09293e-06 2.63672
1.05791e-06 2.64648

1.05666e-06 2.64648
1.02373e-06 2.65625

1.02235e-06 2.65625
9.96737e-07 2.66602

9.96014e-07 2.66602
9.81944e-07 2.67578

9.82486e-07 2.67578
9.80316e-07 2.68555

9.81998e-07 2.68555
9.87279e-07 2.69531

9.89247e-07 2.69531
9.94676e-07 2.70508

9.95784e-07 2.70508
9.95206e-07 2.71484

9.94948e-07 2.71484
9.86663e-07 2.72461

9.85503e-07 2.72461
9.72349e-07 2.73438

9.71231e-07 2.73438
9.57768e-07 2.74414

9.57384e-07 2.74414
9.46616e-07 2.75391

9.4692e-07 2.75391
9.39008e-07 2.76367

9.39455e-07 2.76367
9.32898e-07 2.77344

9.33069e-07 2.77344
9.2663e-07 2.7832

9.26455e-07 2.7832
9.20142e-07 2.79297

9.19809e-07 2.79297
9.14635e-07 2.80273

9.14358e-07 2.80273
9.11544e-07 2.8125

9.11445e-07 2.8125
9.11741e-07 2.82227

9.1181e-07 2.82227
9.15276e-07 2.83203

9.15421e-07 2.83203
9.2163e-07 2.8418

9.21647e-07 2.8418
9.30276e-07 2.85156

9.3001e-07 2.85156
9.41559e-07 2.86133

9.40966e-07 2.86133
9.57154e-07 2.87109

9.56552e-07 2.87109
9.79767e-07 2.88086

9.79795e-07 2.88086
1.01118e-06 2.89062

1.01257e-06 2.89062
1.0493e-06 2.90039

1.05174e-06 2.90039
1.08616e-06 2.91016

1.08801e-06 2.91016
1.11152e-06 2.91992

1.11024e-06 2.91992
1.1217e-06 2.92969

1.11691e-06 2.92969
1.12844e-06 2.93945

1.12312e-06 2.93945
1.15494e-06 2.94922

1.15361e-06 2.94922
1.21903e-06 2.95898

1.22245e-06 2.95898
1.3173e-06 2.96875

1.3227e-06 2.96875
1.42932e-06 2.97852

1.43221e-06 2.97852
1.53401e-06 2.98828

1.53475e-06 2.98828
1.6245e-06 2.99805

1.62376e-06 2.99805
1.70144e-06 3.00781

1.70171e-06 3.00781
1.76828e-06 3.01758

1.76751e-06 3.01758
1.82398e-06 3.02734

1.82469e-06 3.02734
1.8712e-06 3.03711

1.86964e-06 3.03711
1.9079e-06 3.04688

1.90884e-06 3.04688
1.94008e-06 3.05664

1.93668e-06 3.05664
1.96582e-06 3.06641

1.96779e-06 3.06641
1.9977e-06 3.07617

1.99215e-06 3.07617
2.02998e-06 3.08594

2.03661e-06 3.08594
2.0802e-06 3.0957

2.08122e-06 3.0957
2.1153e-06 3.10547

2.10906e-06 3.10547
2.14407e-06 3.11523

2.14458e-06 3.11523
2.192e-06 3.125

2.19759e-06 3.125
2.24522e-06 3.13477

2.24519e-06 3.13477
2.28188e-06 3.14453

2.27895e-06 3.14453
2.31061e-06 3.1543

2.31075e-06 3.1543
2.34297e-06 3.16406

2.34809e-06 3.16406
2.37034e-06 3.17383

2.3702e-06 3.17383
2.37251e-06 3.18359

2.37231e-06 3.18359
2.35539e-06 3.19336

2.3551e-06 3.19336
2.31994e-06 3.20312

2.31862e-06 3.20312
2.26847e-06 3.21289

2.26777e-06 3.21289
2.20667e-06 3.22266

2.20561e-06 3.22266
2.13708e-06 3.23242

2.13537e-06 3.23242
2.06494e-06 3.24219

2.06995e-06 3.24219
1.99101e-06 3.25195

1.98754e-06 3.25195
1.89702e-06 3.26172

1.90285e-06 3.26172
1.79604e-06 3.27148

1.78941e-06 3.27148
1.66788e-06 3.28125

1.67535e-06 3.28125
1.39949e-06 3.30078

1.37221e-06 3.30078
1.10245e-06 3.32031

1.12378e-06 3.32031
8.72021e-07 3.33984

8.67602e-07 3.33984
6.00019e-07 3.35938

5.88156e-07 3.35938
3.3731e-07 3.37891

3.39646e-07 3.37891
1.24592e-07 3.39844

3.87296e-08 3.57422
3.65265e-07 3.59375

3.8162e-07 3.59375
7.17263e-07 3.61328

7.21847e-07 3.61328
1.02472e-06 3.63281

1.03321e-06 3.63281
1.27716e-06 3.65234

1.26196e-06 3.65234
1.4604e-06 3.67188

1.46142e-06 3.67188
1.64273e-06 3.69141

1.6239e-06 3.69141
1.82367e-06 3.71094

1.8429e-06 3.71094
2.06032e-06 3.73047

2.06566e-06 3.73047
2.25156e-06 3.75

2.2333e-06 3.75
2.41354e-06 3.76953

2.41942e-06 3.76953
2.6188e-06 3.78906

2.62738e-06 3.78906
2.81697e-06 3.80859

2.8189e-06 3.80859
2.97766e-06 3.82812

2.96392e-06 3.82812
3.11546e-06 3.84766

3.11733e-06 3.84766
3.28539e-06 3.86719

3.29521e-06 3.86719
3.45638e-06 3.88672

3.45676e-06 3.88672
3.59062e-06 3.90625

3.58547e-06 3.90625
3.70156e-06 3.92578

3.70118e-06 3.92578
3.81057e-06 3.94531

3.81508e-06 3.94531
3.90948e-06 3.96484

3.9059e-06 3.96484
3.98346e-06 3.98438

3.98901e-06 3.98438
4.04581e-06 4.00391

4.03526e-06 4.00391
4.08131e-06 4.02344

4.10072e-06 4.02344
4.11832e-06 4.04297

4.08666e-06 4.04297
4.10031e-06 4.0625

4.16566e-06 4.0625
4.10797e-06 4.08203

4.05436e-06 4.08203
3.90183e-06 4.10156

3.98172e-06 4.10156
3.38185e-06 4.14062

3.36324e-06 4.14062
2.35218e-06 4.17969

2.26277e-06 4.17969
1.05657e-06 4.21875

4.71447e-07 4.76562
2.59203e-06 4.84375

2.69357e-06 4.84375
3.5577e-06 4.92188

2.99451e-06 4.92188
3.52551e-06 5

4.39396e-06 5
3.5687e-06 5.15625

2.62405e-06 5.15625
4.60563e-07 5.3125

3.2239e-06 6.09375
4.93497e-06 6.25

3.83161e-06 6.25
3.41135e-06 6.32812

4.14314e-06 6.32812
3.19022e-06 6.40625

2.405e-06 6.40625
1.02628e-06 6.48438

6.22827e-07 6.48438
1.19564e-06 6.5625

2.70232e-06 6.5625
3.33813e-06 6.71875

3.13575e-06 6.71875
2.03233e-06 6.875

