0.202972 0
0.203019 0.00976562

0.20302 0.00976562
0.203161 0.0195312

0.203161 0.0195312
0.203396 0.0292969

0.203395 0.0292969
0.203723 0.0390625

0.203723 0.0390625
0.204145 0.0488281

0.204145 0.0488281
0.204664 0.0585938

0.204665 0.0585938
0.205078 0.0651465

0.205078 0.0651519
0.205281 0.0683594

0.205281 0.0683594
0.205993 0.078125

0.205993 0.078125
0.2068 0.0878906

0.206799 0.0878906
0.207701 0.0976562

0.207701 0.0976562
0.208698 0.107422

0.208698 0.107422
0.20979 0.117188

0.20979 0.117188
0.210978 0.126953

0.210978 0.126953
0.212262 0.136719

0.212261 0.136719
0.213642 0.146484

0.21364 0.146484
0.214844 0.154407

0.214844 0.154387
0.215127 0.15625

0.215127 0.15625
0.216714 0.166016

0.216715 0.166016
0.218399 0.175781

0.2184 0.175781
0.220179 0.185547

0.220178 0.185547
0.222054 0.195312

0.222053 0.195312
0.224031 0.205078

0.224029 0.205078
0.224609 0.207801

0.224609 0.207788
0.226113 0.214844

0.226113 0.214844
0.228297 0.224609

0.228296 0.224609
0.230583 0.234375

0.230583 0.234375
0.232975 0.244141

0.23297 0.244141
0.234375 0.249629

0.234375 0.249603
0.235477 0.253906

0.235476 0.253906
0.238081 0.263672

0.238081 0.263672
0.240787 0.273438

0.240785 0.273438
0.243595 0.283203

0.243592 0.283203
0.244141 0.285039

0.244141 0.285029
0.246515 0.292969

0.246516 0.292969
0.249547 0.302734

0.249548 0.302734
0.252686 0.3125

0.252677 0.3125
0.253906 0.316193

0.253906 0.316169
0.255935 0.322266

0.255933 0.322266
0.2593 0.332031

0.259301 0.332031
0.262782 0.341797

0.262777 0.341797
0.263672 0.34423

0.263672 0.344212
0.266377 0.351562

0.266376 0.351562
0.270082 0.361328

0.270077 0.361328
0.273438 0.369917

0.273438 0.369864
0.273919 0.371094

0.273901 0.371094
0.277841 0.380859

0.27784 0.380859
0.2819 0.390625

0.28189 0.390625
0.283203 0.393689

0.283203 0.393664
0.286086 0.400391

0.286085 0.400391
0.290394 0.410156

0.290384 0.410156
0.292969 0.41585

0.292969 0.415811
0.294835 0.419922

0.294826 0.419922
0.299388 0.429688

0.299381 0.429688
0.302734 0.436674

0.302734 0.436629
0.30409 0.439453

0.304074 0.439453
0.30889 0.449219

0.308883 0.449219
0.3125 0.456359

0.3125 0.456311
0.313855 0.458984

0.313836 0.458984
0.318919 0.46875

0.318908 0.46875
0.322266 0.475026

0.322266 0.474982
0.324156 0.478516

0.324143 0.478516
0.32951 0.488281

0.329498 0.488281
0.332031 0.49277

0.332031 0.492739
0.335027 0.498047

0.335021 0.498047
0.340679 0.507812

0.340675 0.507812
0.341797 0.509711

0.341797 0.509694
0.346482 0.517578

0.346476 0.517578
0.351562 0.525921

0.351562 0.525871
0.352452 0.527344

0.352434 0.527344
0.358539 0.537109

0.358524 0.537109
0.361328 0.541479

0.361328 0.54145
0.36481 0.546875

0.364801 0.546875
0.371094 0.556421

0.371094 0.556396
0.371253 0.556641

0.37124 0.556641
0.377845 0.566406

0.377841 0.566406
0.380859 0.570778

0.380859 0.570744
0.384625 0.576172

0.384616 0.576172
0.390625 0.584615

0.390625 0.584597
0.39157 0.585938

0.391568 0.585938
0.398693 0.595703

0.398704 0.595703
0.400391 0.59801

0.400391 0.597975
0.405996 0.605469

0.406004 0.605469
0.410156 0.610915

0.410156 0.610856
0.413473 0.615234

0.413489 0.615234
0.419922 0.623393

0.419922 0.623398
0.421186 0.625

0.42119 0.625
0.429097 0.634766

0.429102 0.634766
0.429688 0.63548

0.429688 0.635476
0.437207 0.644531

0.437217 0.644531
0.439453 0.647193

0.439453 0.647168
0.445519 0.654297

0.445554 0.654297
0.449219 0.658552

0.449219 0.658499
0.454035 0.664062

0.454105 0.664062
0.458984 0.669586

0.458984 0.669548
0.462825 0.673828

0.462876 0.673828
0.46875 0.680293

0.46875 0.680254
0.471847 0.683594

0.471882 0.683594
0.478516 0.690679

0.478516 0.690641
0.481114 0.693359

0.481129 0.693359
0.488281 0.700763

0.488281 0.700734
0.490634 0.703125

0.490624 0.703125
0.498047 0.710564

0.498047 0.710544
0.500424 0.712891

0.500385 0.712891
0.507812 0.720096

0.507812 0.720086
0.510493 0.722656

0.510429 0.722656
0.517578 0.729377

0.517578 0.729379
0.520848 0.732422

0.520769 0.732422
0.527344 0.738418

0.527344 0.738435
0.531509 0.742188

0.53143 0.742188
0.537109 0.747218

0.537109 0.747257
0.54251 0.751953

0.542438 0.751953
0.546875 0.755785

0.546875 0.755818
0.553792 0.761719

0.55376 0.761719
0.556641 0.764147

0.556641 0.764162
0.565433 0.771484

0.565437 0.771484
0.566406 0.77228

0.566406 0.772288
0.576172 0.780215

0.576172 0.78019
0.577508 0.78125

0.577473 0.78125
0.585938 0.78795

0.585938 0.787959
0.589962 0.791016

0.589894 0.791016
0.595703 0.795473

0.595703 0.795472
0.602771 0.800781

0.602738 0.800781
0.605469 0.802784

0.605469 0.802806
0.615234 0.809958

0.615234 0.80993
0.616102 0.810547

0.616057 0.810547
0.625 0.816933

0.625 0.816928
0.629862 0.820312

0.629854 0.820312
0.634766 0.823726

0.634766 0.823728
0.644115 0.830078

0.644113 0.830078
0.644531 0.830355

0.644531 0.83036
0.654297 0.836826

0.654297 0.836826
0.658973 0.839844

0.658975 0.839844
0.664062 0.843127

0.664062 0.843128
0.673828 0.849269

0.673828 0.849265
0.674402 0.849609

0.674386 0.849609
0.683594 0.855251

0.683594 0.855251
0.690499 0.859375

0.690508 0.859375
0.693359 0.861077

0.693359 0.861082
0.703125 0.866768

0.703125 0.866773
0.707298 0.869141

0.707318 0.869141
0.712891 0.872302

0.712891 0.872308
0.722656 0.877704

0.722656 0.877713
0.724874 0.878906

0.724902 0.878906
0.732422 0.882953

0.732422 0.882959
0.742188 0.888075

0.742188 0.888088
0.743334 0.888672

0.743366 0.888672
0.751953 0.893049

0.751953 0.893051
0.761719 0.897892

0.761719 0.897908
0.762816 0.898438

0.76286 0.898438
0.771484 0.902598

0.771484 0.902601
0.78125 0.907184

0.78125 0.907202
0.783445 0.908203

0.783498 0.908203
0.791016 0.911633

0.791016 0.91164
0.800781 0.91597

0.800781 0.915978
0.805404 0.917969

0.805444 0.917969
0.810547 0.920166

0.810547 0.920174
0.820312 0.924256

0.820312 0.924255
0.828888 0.927734

0.828901 0.927734
0.830078 0.928212

0.830078 0.928218
0.839844 0.93206

0.839844 0.932058
0.849609 0.935779

0.849609 0.935789
0.854243 0.9375

0.854301 0.9375
0.859375 0.939374

0.859375 0.939384
0.869141 0.942879

0.869141 0.94288
0.878906 0.946264

0.878906 0.946283
0.881839 0.947266

0.881927 0.947266
0.888672 0.949525

0.888672 0.949534
0.898438 0.952692

0.898438 0.952692
0.908203 0.955737

0.908203 0.955749
0.912469 0.957031

0.912548 0.957031
0.917969 0.95866

0.917969 0.958671
0.927734 0.961499

0.927734 0.961498
0.9375 0.964219

0.9375 0.964219
0.947129 0.966797

0.947135 0.966797
0.947266 0.966832

0.947266 0.966833
0.957031 0.969343

0.957031 0.969343
0.966797 0.971749

0.966797 0.971749
0.976562 0.97405

0.976562 0.974051
0.986328 0.976248

0.986328 0.976277
0.987661 0.976562

0.987829 0.976562
0.996094 0.978334

0.996094 0.978339
1.00586 0.980331

1.00586 0.980331
1.01562 0.982222

1.01562 0.982222
1.02539 0.984015

1.02539 0.984015
1.03516 0.985709

1.03516 0.985721
1.03887 0.986328

1.039 0.986328
1.04492 0.987295

1.04492 0.987303
1.05469 0.9888

1.05469 0.9888
1.06445 0.990197

1.06445 0.990197
1.07422 0.991496

1.07422 0.991496
1.08398 0.992696

1.08398 0.992696
1.09375 0.993799

1.09375 0.993798
1.10352 0.994804

1.10352 0.994804
1.11328 0.995714

1.11328 0.995718
1.11778 0.996094

1.11789 0.996094
1.12305 0.996524

1.12305 0.996528
1.13281 0.997247

1.13281 0.997247
1.14258 0.99787

1.14258 0.99787
1.15234 0.998395

1.15234 0.998395
1.16211 0.998825

1.16211 0.998825
1.17188 0.999159

1.17188 0.999158
1.18164 0.999397

1.18164 0.999397
1.19141 0.999542

1.19141 0.999542
1.20117 0.999593

1.20117 0.999593
1.21094 0.99955

1.21094 0.99955
1.2207 0.999411

1.2207 0.999411
1.23047 0.999176

1.23047 0.999176
1.24023 0.998843

1.24023 0.998843
1.25 0.998414

1.55273 0.93608
1.54887 0.9375

1.55273 0.936093
1.5625 0.932388

1.25 0.998414
1.25977 0.997889

1.25977 0.997889
1.26953 0.99727

1.28906 0.995742
1.28481 0.996094

1.26953 0.997269
1.2793 0.996555

1.2793 0.996558
1.2849 0.996094

1.28906 0.995746
1.29883 0.994842

1.29883 0.994842
1.30859 0.993842

1.30859 0.993843
1.31836 0.992744

1.31836 0.992744
1.32812 0.991548

1.32812 0.991547
1.33789 0.990253

1.33789 0.990253
1.34766 0.988862

1.34766 0.988863
1.35742 0.987374

1.36719 0.98578
1.36382 0.986328

1.35742 0.987378
1.36388 0.986328

1.36719 0.985787
1.37695 0.984103

1.37695 0.984104
1.38672 0.982321

1.38672 0.982322
1.39648 0.980437

1.39648 0.980437
1.40625 0.978449

1.41602 0.976354
1.41504 0.976562

1.41602 0.97636
1.42578 0.974168

1.42578 0.974167
1.43555 0.971873

1.43555 0.971873
1.44531 0.969479

1.40625 0.978448
1.41506 0.976562

1.44531 0.969482
1.45508 0.966984

1.46484 0.964376
1.45576 0.966797

1.45508 0.967033
1.45596 0.966797

1.46484 0.964382
1.47461 0.961677

1.47461 0.961678
1.48438 0.958865

1.49414 0.955931
1.49046 0.957031

1.49414 0.955942
1.50391 0.952909

1.48438 0.958872
1.49052 0.957031

1.50391 0.952908
1.51367 0.949766

1.52344 0.946507
1.52116 0.947266

1.51367 0.949769
1.52119 0.947266

1.52344 0.946516
1.5332 0.943155

1.5332 0.943158
1.54297 0.939684

1.54297 0.939691
1.54893 0.9375

1.5625 0.93239
1.57227 0.928566

1.58203 0.92461
1.57429 0.927734

1.57227 0.928605
1.57442 0.927734

1.60156 0.916359
1.59781 0.917969

1.58203 0.924622
1.5918 0.920558

1.5918 0.920564
1.59785 0.917969

1.64062 0.89839
1.64053 0.898438

1.60156 0.916371
1.61133 0.912065

1.62109 0.907634
1.61984 0.908203

1.61133 0.912067
1.61985 0.908203

1.62109 0.907643
1.63086 0.903088

1.63086 0.903088
1.64054 0.898438

1.71875 0.85602
1.71309 0.859375

1.64062 0.898394
1.65039 0.893575

1.66016 0.888622
1.66006 0.888672

1.65039 0.893581
1.66007 0.888672

1.67969 0.878316
1.67858 0.878906

1.66016 0.888626
1.66992 0.883539

1.66016 0.888686
1.66018 0.888672

1.66992 0.88354
1.6786 0.878906

1.64062 0.898457
1.64067 0.898438

1.67969 0.878326
1.68945 0.872972

1.69922 0.867463
1.69624 0.869141

1.68945 0.872976
1.69627 0.869141

1.69922 0.867477
1.70898 0.861832

1.70898 0.861855
1.71316 0.859375

1.83594 0.773731
1.8266 0.78125

1.875 0.740212
1.8728 0.742188

1.85547 0.757425
1.85033 0.761719

1.8457 0.765659
1.83864 0.771484

1.83594 0.773741
1.83871 0.771484

1.8457 0.765647
1.85043 0.761719

1.86523 0.748923
1.86174 0.751953

1.85547 0.757382
1.8618 0.751953

1.86523 0.748917
1.87281 0.742188

1.71875 0.85604
1.72852 0.850093

1.73828 0.843982
1.72927 0.849609

1.72852 0.850158
1.72942 0.849609

1.74805 0.837731
1.74474 0.839844

1.74805 0.837744
1.75781 0.831329

1.73828 0.844001
1.74478 0.839844

1.77734 0.818005
1.77397 0.820312

1.77734 0.81801
1.78711 0.811091

1.79688 0.803981
1.78785 0.810547

1.78711 0.811151
1.78796 0.810547

1.76758 0.824732
1.75964 0.830078

1.75781 0.83137
1.75979 0.830078

1.76758 0.824755
1.77401 0.820312

1.80664 0.796695
1.80115 0.800781

1.81641 0.789249
1.81408 0.791016

1.80664 0.796704
1.81409 0.791016

1.79688 0.803975
1.80122 0.800781

1.81641 0.78925
1.82617 0.781595

1.82617 0.78165
1.82668 0.78125

2.1875 0.176084
2.18575 0.185547

2.18575 0.185547
2.18385 0.195312

2.18386 0.195312
2.18186 0.205078

2.18186 0.205078
2.17976 0.214844

2.17773 0.223835
2.17756 0.224609

2.17756 0.224609
2.17525 0.234375

2.17773 0.223835
2.17976 0.214844

2.16797 0.262586
2.16768 0.263672

2.16768 0.263672
2.16495 0.273438

2.17525 0.234375
2.17283 0.244141

2.17283 0.244141
2.1703 0.253906

2.16797 0.262586
2.1703 0.253906

2.16495 0.273438
2.16211 0.283203

2.16211 0.283203
2.15917 0.292969

2.1582 0.296086
2.15613 0.302734

2.15613 0.302734
2.15296 0.3125

2.1582 0.29608
2.15917 0.292969

1.99219 0.614098
1.99131 0.615234

1.99131 0.615234
1.98357 0.625

2.03125 0.560304
2.0271 0.566406

2.02148 0.574442
2.0203 0.576172

2.02028 0.576172
2.01331 0.585938

2.02148 0.574448
2.02709 0.566406

2.00195 0.601301
1.99886 0.605469

2.01172 0.588128
2.00618 0.595703

2.00195 0.601322
2.00616 0.595703

1.99219 0.614095
1.99884 0.605469

2.01172 0.588088
2.01325 0.585938

2.10938 0.422392
2.10595 0.429688

2.08984 0.462014
2.08632 0.46875

2.09961 0.442736
2.0964 0.449219

2.10594 0.429688
2.10123 0.439453

2.09961 0.442723
2.10123 0.439453

2.0964 0.449219
2.09142 0.458984

2.08984 0.462
2.09142 0.458984

2.14844 0.325855
2.14629 0.332031

2.14629 0.332031
2.14278 0.341797

2.14278 0.341797
2.13916 0.351562

2.12891 0.377722
2.12763 0.380859

2.12763 0.380859
2.12355 0.390625

2.13867 0.352851
2.13543 0.361328

2.13543 0.361328
2.13159 0.371094

2.13867 0.352835
2.13916 0.351562

2.12891 0.377717
2.13159 0.371094

2.15296 0.3125
2.14968 0.322266

2.14844 0.325841
2.14968 0.322266

2.11914 0.400837
2.115 0.410156

2.12355 0.390625
2.11934 0.400391

2.11914 0.400814
2.11933 0.400391

2.115 0.410156
2.11053 0.419922

2.10938 0.422372
2.11053 0.419922

2.07031 0.497692
2.07011 0.498047

2.07011 0.498047
2.06443 0.507812

2.04102 0.5456
2.04021 0.546875

2.05078 0.530291
2.0465 0.537109

2.04102 0.545611
2.0465 0.537109

2.06055 0.514323
2.0586 0.517578

2.0586 0.517578
2.05262 0.527344

2.06055 0.514316
2.06443 0.507812

2.05078 0.530277
2.05262 0.527344

2.08008 0.480297
2.07566 0.488281

2.08632 0.46875
2.08106 0.478516

2.08008 0.480272
2.08105 0.478516

2.07031 0.497695
2.07566 0.488281

2.0402 0.546875
2.03373 0.556641

2.03125 0.560286
2.03371 0.556641

2.20315 0
2.20311 0.00976562

2.20311 0.00976562
2.20298 0.0195312

2.20298 0.0195312
2.20275 0.0292969

2.20275 0.0292969
2.20243 0.0390625

2.20243 0.0390625
2.20201 0.0488281

2.20201 0.0488281
2.20148 0.0585938

2.20148 0.0585938
2.20085 0.0683594

2.20085 0.0683594
2.20012 0.078125

2.20012 0.078125
2.1993 0.0878906

2.1993 0.0878906
2.19838 0.0976562

2.19727 0.1084
2.19627 0.117188

2.19838 0.0976562
2.19738 0.107422

2.19727 0.108405
2.19738 0.107422

2.19628 0.117188
2.19508 0.126953

2.19508 0.126953
2.19378 0.136719

2.19378 0.136719
2.19238 0.146484

2.19238 0.146484
2.19087 0.15625

2.19087 0.15625
2.18926 0.166016

2.18926 0.166016
2.18756 0.175781

2.1875 0.176079
2.18755 0.175781

1.91406 0.702895
1.91383 0.703125

1.95312 0.661149
1.95056 0.664062

1.93359 0.682654
1.93271 0.683594

1.92383 0.692927
1.92341 0.693359

1.91406 0.702895
1.92341 0.693359

1.92383 0.692923
1.93272 0.683594

1.94336 0.67206
1.94175 0.673828

1.93359 0.682649
1.94176 0.673828

1.94336 0.672062
1.95055 0.664062

1.89453 0.722043
1.89389 0.722656

1.88477 0.731257
1.88351 0.732422

1.875 0.740227
1.88352 0.732422

1.88477 0.731279
1.89391 0.722656

1.9043 0.71259
1.90399 0.712891

1.89453 0.722055
1.90399 0.712891

1.9043 0.712593
1.91383 0.703125

1.97266 0.638339
1.96751 0.644531

1.96289 0.649906
1.95916 0.654297

1.95312 0.661162
1.9591 0.654297

1.96289 0.649932
1.96742 0.644531

1.98242 0.626428
1.97564 0.634766

1.97266 0.638323
1.97558 0.634766

1.98242 0.626366
1.98352 0.625

