-0.204303 0
-0.204279 0.00976562

-0.204279 0.00976562
-0.204205 0.0195312

-0.204206 0.0195312
-0.204081 0.0292969

-0.204082 0.0292969
-0.203905 0.0390625

-0.203905 0.0390625
-0.203676 0.0488281

-0.203676 0.0488281
-0.203394 0.0585938

-0.203394 0.0585938
-0.203059 0.0683594

-0.203059 0.0683594
-0.202674 0.078125

-0.202674 0.078125
-0.202238 0.0878906

-0.202238 0.0878906
-0.201751 0.0976562

-0.201751 0.0976562
-0.201212 0.107422

-0.201212 0.107422
-0.200622 0.117188

-0.200622 0.117188
-0.19998 0.126953

-0.19998 0.126953
-0.199286 0.136719

-0.199286 0.136719
-0.198542 0.146484

-0.198543 0.146484
-0.197747 0.15625

-0.197747 0.15625
-0.1969 0.166016

-0.1969 0.166016
-0.196 0.175781

-0.196 0.175781
-0.195312 0.182839

-0.195312 0.182838
-0.195049 0.185547

-0.195049 0.185547
-0.194046 0.195312

-0.194047 0.195312
-0.192993 0.205078

-0.192994 0.205078
-0.191887 0.214844

-0.191888 0.214844
-0.190728 0.224609

-0.190727 0.224609
-0.189513 0.234375

-0.189513 0.234375
-0.188247 0.244141

-0.188247 0.244141
-0.18693 0.253906

-0.18693 0.253906
-0.185561 0.263672

-0.185561 0.263672
-0.185547 0.263769

-0.185547 0.263771
-0.184142 0.273438

-0.184143 0.273438
-0.182672 0.283203

-0.182673 0.283203
-0.181147 0.292969

-0.181146 0.292969
-0.179564 0.302734

-0.179564 0.302734
-0.177928 0.3125

-0.177927 0.3125
-0.176238 0.322266

-0.176238 0.322266
-0.175781 0.32483

-0.175781 0.324829
-0.1745 0.332031

-0.174502 0.332031
-0.172713 0.341797

-0.172713 0.341797
-0.170866 0.351562

-0.170865 0.351562
-0.168962 0.361328

-0.168962 0.361328
-0.167006 0.371094

-0.167005 0.371094
-0.166016 0.37591

-0.166016 0.375904
-0.164998 0.380859

-0.165001 0.380859
-0.162942 0.390625

-0.162944 0.390625
-0.160823 0.400391

-0.160821 0.400391
-0.158638 0.410156

-0.158635 0.410156
-0.156398 0.419922

-0.156398 0.419922
-0.15625 0.420556

-0.15625 0.420556
-0.154114 0.429688

-0.154119 0.429688
-0.151774 0.439453

-0.151772 0.439453
-0.149361 0.449219

-0.149359 0.449219
-0.146894 0.458984

-0.146894 0.458984
-0.146484 0.460574

-0.146484 0.460572
-0.144377 0.46875

-0.144383 0.46875
-0.141805 0.478516

-0.141802 0.478516
-0.139158 0.488281

-0.139155 0.488281
-0.136719 0.497103

-0.136719 0.497088
-0.136454 0.498047

-0.136463 0.498047
-0.133712 0.507812

-0.133714 0.507812
-0.130895 0.517578

-0.130891 0.517578
-0.128008 0.527344

-0.128008 0.527344
-0.126953 0.530852

-0.126953 0.530844
-0.12507 0.537109

-0.125078 0.537109
-0.122077 0.546875

-0.122072 0.546875
-0.119002 0.556641

-0.119 0.556641
-0.117188 0.562309

-0.117188 0.562297
-0.115874 0.566406

-0.115885 0.566406
-0.1127 0.576172

-0.112695 0.576172
-0.109437 0.585938

-0.109435 0.585938
-0.107422 0.591869

-0.107422 0.59186
-0.106118 0.595703

-0.106129 0.595703
-0.102747 0.605469

-0.102743 0.605469
-0.0992839 0.615234

-0.0992806 0.615234
-0.0976562 0.619734

-0.0976562 0.619742
-0.0957581 0.625

-0.0957642 0.625
-0.0921603 0.634766

-0.092153 0.634766
-0.0884705 0.644531

-0.0884734 0.644531
-0.0878906 0.646044

-0.0878906 0.64606
-0.0847167 0.654297

-0.0847189 0.654297
-0.0808526 0.664062

-0.0808491 0.664062
-0.078125 0.670758

-0.078125 0.670775
-0.076883 0.673828

-0.0768969 0.673828
-0.0727809 0.683594

-0.0727724 0.683594
-0.0684929 0.693359

-0.0684965 0.693359
-0.0683594 0.693661

-0.0683594 0.693674
-0.0640578 0.703125

-0.0640759 0.703125
-0.059411 0.712891

-0.0594008 0.712891
-0.0585938 0.714504

-0.0585938 0.714484
-0.0545063 0.722656

-0.0545329 0.722656
-0.0494174 0.732422

-0.0494202 0.732422
-0.0488281 0.733507

-0.0488281 0.733465
-0.0440315 0.742188

-0.0441039 0.742188
-0.0390625 0.75092

-0.0390625 0.750285
-0.0381023 0.751953

-0.0383999 0.751953
-0.0324865 0.761719

-0.0326047 0.761719
-0.0292969 0.766939

-0.0292969 0.766602
-0.0262034 0.771484

-0.0263126 0.771484
-0.019822 0.78125

-0.0195312 0.781148
-0.0194635 0.78125

-0.0198344 0.78125
-0.0195312 0.781701

-0.0195312 0.781669
-0.0130285 0.791016

-0.0130976 0.791016
-0.00976562 0.795643

-0.00976562 0.795411
-0.00584839 0.800781

-0.00594637 0.800781
0 0.80854

0 0.808354
0.00168194 0.810547

0.00157075 0.810547
0.00941167 0.820312

0.00940444 0.820312
0.00976562 0.820752

0.00976562 0.820741
0.0176116 0.830078

0.0176036 0.830078
0.0195312 0.832313

0.0195312 0.832258
0.0262044 0.839844

0.0262014 0.839844
0.0292969 0.843263

0.0292969 0.843181
0.0352018 0.849609

0.0351976 0.849609
0.0390625 0.853665

0.0390625 0.8536
0.0446986 0.859375

0.0446627 0.859375
0.0488281 0.863523

0.0488281 0.863491
0.0546658 0.869141

0.0546069 0.869141
0.0585938 0.872914

0.0585938 0.872927
0.0651439 0.878906

0.0650768 0.878906
0.0683594 0.881866

0.0683594 0.881878
0.0761026 0.888672

0.0760726 0.888672
0.078125 0.890438

0.078125 0.890445
0.0876619 0.898438

0.0876647 0.898438
0.0878906 0.898623

0.0878906 0.89862
0.0976562 0.906443

0.0976562 0.906426
0.0999767 0.908203

0.0999513 0.908203
0.107422 0.913929

0.107422 0.913918
0.112945 0.917969

0.112909 0.917969
0.117188 0.921061

0.117188 0.921079
0.126663 0.927734

0.126662 0.927734
0.126953 0.927933

0.126953 0.927935
0.136719 0.934502

0.136719 0.9345
0.141378 0.9375

0.141382 0.9375
0.146484 0.940785

0.146484 0.940784
0.15625 0.946802

0.15625 0.946798
0.157049 0.947266

0.157041 0.947266
0.166016 0.952558

0.166016 0.952556
0.173947 0.957031

0.17395 0.957031
0.175781 0.958063

0.175781 0.958064
0.185547 0.963335

0.185547 0.963332
0.192258 0.966797

0.192261 0.966797
0.195312 0.968373

0.195312 0.968372
0.205078 0.973195

0.205078 0.973194
0.212218 0.976562

0.212221 0.976562
0.214844 0.9778

0.214844 0.9778
0.224609 0.982197

0.224609 0.982196
0.234238 0.986328

0.234243 0.986328
0.234375 0.986385

0.234375 0.986385
0.244141 0.990376

0.244141 0.990375
0.253906 0.994173

0.253906 0.994169
0.259111 0.996094

0.259095 0.996094
0.263672 0.997787

0.263672 0.997782
0.273438 1.00121

0.273438 1.00121
0.283203 1.00446

0.283203 1.00446
0.287645 1.00586

0.287618 1.00586
0.292969 1.00755

0.292969 1.00754
0.302734 1.01045

0.302734 1.01045
0.3125 1.01318

0.3125 1.01318
0.321777 1.01562

0.321773 1.01562
0.322266 1.01575

0.322266 1.01575
0.332031 1.01816

0.332031 1.01816
0.341797 1.02041

0.341797 1.02041
0.351562 1.0225

0.351562 1.0225
0.361328 1.02444

0.361328 1.02444
0.366515 1.02539

0.366474 1.02539
0.371094 1.02624

0.371094 1.02623
0.380859 1.02787

0.380859 1.02787
0.390625 1.02937

0.390625 1.02936
0.400391 1.03072

0.400391 1.03072
0.410156 1.03192

0.410156 1.03192
0.419922 1.03299

0.419922 1.03299
0.429688 1.03393

0.429688 1.03393
0.439453 1.03473

0.439453 1.03473
0.445795 1.03516

0.445779 1.03516
0.449219 1.03539

0.449219 1.03539
0.458984 1.03592

0.458984 1.03592
0.46875 1.03632

0.46875 1.03632
0.478516 1.03659

0.478516 1.03659
0.488281 1.03674

0.488281 1.03674
0.498047 1.03676

0.498047 1.03676
0.507812 1.03666

0.507812 1.03666
0.517578 1.03643

0.517578 1.03643
0.527344 1.03609

0.546875 1.03507
0.545408 1.03516

0.527344 1.03609
0.537109 1.03564

0.537109 1.03563
0.545278 1.03516

0.546875 1.03507
0.556641 1.03438

0.556641 1.03438
0.566406 1.03358

0.566406 1.03358
0.576172 1.03267

0.576172 1.03267
0.585938 1.03164

0.585938 1.03164
0.595703 1.03051

0.595703 1.03051
0.605469 1.02927

0.605469 1.02927
0.615234 1.02794

0.615234 1.02793
0.625 1.0265

0.693359 1.0138
0.684807 1.01562

0.693359 1.0138
0.703125 1.01164

0.634766 1.02498
0.632126 1.02539

0.625 1.02649
0.631981 1.02539

0.634766 1.02496
0.644531 1.02333

0.644531 1.02333
0.654297 1.0216

0.654297 1.0216
0.664062 1.01979

0.664062 1.01979
0.673828 1.01788

0.673828 1.01788
0.683594 1.01588

0.683594 1.01588
0.684777 1.01562

0.703125 1.01164
0.712891 1.0094

0.712891 1.0094
0.722656 1.00708

0.732422 1.00469
0.727653 1.00586

0.722656 1.00706
0.727563 1.00586

0.732422 1.00468
0.742188 1.0022

0.742188 1.0022
0.751953 0.999651

0.751953 0.999651
0.761719 0.99703

0.771484 0.994344
0.76513 0.996094

0.771484 0.994339
0.78125 0.991584

0.761719 0.997021
0.765087 0.996094

0.78125 0.991584
0.791016 0.988767

0.800781 0.985889
0.799291 0.986328

0.791016 0.988767
0.799288 0.986328

0.800781 0.985887
0.810547 0.982949

0.810547 0.982948
0.820312 0.979952

0.839844 0.973799
0.831143 0.976562

0.839844 0.9738
0.849609 0.970649

0.849609 0.970651
0.859375 0.967449

0.820312 0.979952
0.830078 0.976903

0.830078 0.97691
0.831171 0.976562

0.869141 0.964189
0.861314 0.966797

0.859375 0.967469
0.861393 0.966797

0.869141 0.964194
0.878906 0.960887

0.898438 0.954104
0.890073 0.957031

0.878906 0.960889
0.888672 0.957528

0.888672 0.957559
0.890181 0.957031

0.898438 0.95411
0.908203 0.95064

0.917969 0.947118
0.917558 0.947266

0.908203 0.95064
0.917566 0.947266

0.917969 0.947121
0.927734 0.94355

0.927734 0.943551
0.9375 0.939925

0.947266 0.936234
0.943909 0.9375

0.947266 0.936244
0.957031 0.932505

0.957031 0.932508
0.966797 0.928707

0.976562 0.924828
0.96922 0.927734

0.966797 0.928738
0.969331 0.927734

0.996094 0.916915
0.993515 0.917969

0.976562 0.924839
0.986328 0.920911

0.986328 0.920914
0.993533 0.917969

0.996094 0.916921
1.00586 0.91286

1.00586 0.912864
1.01562 0.908725

1.04492 0.895807
1.03907 0.898438

1.04492 0.895815
1.05469 0.891332

1.02539 0.904498
1.01682 0.908203

1.01562 0.908753
1.0169 0.908203

1.02539 0.904506
1.03516 0.900203

1.03516 0.90021
1.0391 0.898438

1.06445 0.886744
1.06035 0.888672

1.05469 0.891336
1.06036 0.888672

1.06445 0.88675
1.07422 0.882055

1.08398 0.877243
1.08061 0.878906

1.08398 0.877247
1.09375 0.872316

1.07422 0.882058
1.08062 0.878906

1.24023 0.779342
1.23778 0.78125

1.25 0.771455
1.24996 0.771484

1.24023 0.779331
1.24996 0.771484

1.12305 0.856776
1.11827 0.859375

1.12305 0.856774
1.13281 0.851313

1.14258 0.845707
1.13579 0.849609

1.13281 0.8513
1.13575 0.849609

1.14258 0.845701
1.15234 0.839923

1.16211 0.833981
1.15248 0.839844

1.17188 0.827878
1.16836 0.830078

1.16211 0.833976
1.16833 0.830078

1.15234 0.839878
1.1524 0.839844

1.10352 0.867265
1.09989 0.869141

1.09375 0.872315
1.09988 0.869141

1.10352 0.867264
1.11328 0.862084

1.11328 0.862082
1.11826 0.859375

1.19141 0.81508
1.18354 0.820312

1.20117 0.808393
1.19801 0.810547

1.19141 0.815066
1.19799 0.810547

1.20117 0.808372
1.21094 0.801451

1.17188 0.827867
1.18164 0.821564

1.18164 0.821507
1.18348 0.820312

1.2207 0.794315
1.21186 0.800781

1.23047 0.786969
1.2251 0.791016

1.2207 0.794268
1.22508 0.791016

1.21094 0.801392
1.21179 0.800781

1.23047 0.786944
1.23777 0.78125

0.9375 0.939932
0.94395 0.9375

1.5625 0.293746
1.55971 0.302734

1.55971 0.302734
1.55656 0.3125

1.40625 0.601398
1.40337 0.605469

1.39648 0.614905
1.39624 0.615234

1.39625 0.615234
1.38896 0.625

1.39648 0.614907
1.40336 0.605469

1.54297 0.350849
1.5427 0.351562

1.55273 0.323856
1.54989 0.332031

1.55656 0.3125
1.55329 0.322266

1.55273 0.323851
1.55329 0.322266

1.54989 0.332031
1.54636 0.341797

1.54297 0.350846
1.54636 0.341797

1.5427 0.351562
1.53891 0.361328

1.53891 0.361328
1.535 0.371094

1.5332 0.375429
1.53095 0.380859

1.53095 0.380859
1.52677 0.390625

1.5332 0.375418
1.535 0.371094

1.52344 0.398198
1.52247 0.400391

1.52247 0.400391
1.51803 0.410156

1.51367 0.419484
1.51347 0.419922

1.51347 0.419922
1.50877 0.429688

1.51367 0.419483
1.51803 0.410156

1.50391 0.439535
1.499 0.449219

1.49414 0.45858
1.49393 0.458984

1.49393 0.458984
1.48874 0.46875

1.49414 0.458581
1.499 0.449219

1.50877 0.429688
1.50395 0.439453

1.50391 0.439497
1.50393 0.439453

1.52344 0.398193
1.52677 0.390625

1.44531 0.543133
1.44296 0.546875

1.48438 0.476787
1.48344 0.478516

1.48343 0.478516
1.47801 0.488281

1.47461 0.494276
1.47247 0.498047

1.47246 0.498047
1.4668 0.507812

1.47461 0.494268
1.47801 0.488281

1.46484 0.511122
1.46102 0.517578

1.46101 0.517578
1.45511 0.527344

1.45508 0.527406
1.4491 0.537109

1.44531 0.54313
1.4491 0.537109

1.46484 0.511103
1.46679 0.507812

1.42578 0.573173
1.42379 0.576172

1.42379 0.576172
1.41712 0.585938

1.43555 0.558405
1.43031 0.566406

1.44296 0.546875
1.4367 0.556641

1.43555 0.558405
1.43667 0.556641

1.42578 0.573188
1.43031 0.566406

1.41602 0.587536
1.41032 0.595703

1.40625 0.601419
1.41032 0.595703

1.41602 0.587531
1.4171 0.585938

1.48438 0.476783
1.48874 0.46875

1.60466 0
1.60462 0.00976562

1.60462 0.00976562
1.60449 0.0195312

1.60448 0.0195312
1.60427 0.0292969

1.60427 0.0292969
1.60397 0.0390625

1.60397 0.0390625
1.60359 0.0488281

1.60359 0.0488281
1.60312 0.0585938

1.60312 0.0585938
1.60256 0.0683594

1.60256 0.0683594
1.60191 0.078125

1.60156 0.0827512
1.60118 0.0878906

1.60118 0.0878906
1.60035 0.0976562

1.60035 0.0976562
1.59943 0.107422

1.59943 0.107422
1.59841 0.117188

1.59841 0.117188
1.5973 0.126953

1.5973 0.126953
1.5961 0.136719

1.5961 0.136719
1.5948 0.146484

1.5948 0.146484
1.59339 0.15625

1.60156 0.0827712
1.60191 0.078125

1.5918 0.166586
1.59028 0.175781

1.59339 0.15625
1.59189 0.166016

1.5918 0.166595
1.59189 0.166016

1.59028 0.175781
1.58858 0.185547

1.58858 0.185547
1.58677 0.195312

1.58203 0.218562
1.58072 0.224609

1.58072 0.224609
1.57849 0.234375

1.58677 0.195312
1.58486 0.205078

1.58486 0.205078
1.58284 0.214844

1.58203 0.218574
1.58284 0.214844

1.57849 0.234375
1.57615 0.244141

1.57615 0.244141
1.57369 0.253906

1.57227 0.259335
1.57113 0.263672

1.57113 0.263672
1.56845 0.273438

1.57227 0.259336
1.57369 0.253906

1.56845 0.273438
1.56565 0.283203

1.56565 0.283203
1.56274 0.292969

1.5625 0.293753
1.56274 0.292969

1.32812 0.697836
1.32321 0.703125

1.28906 0.737162
1.28361 0.742188

1.26953 0.754881
1.26161 0.761719

1.25 0.771456
1.25977 0.763307

1.25977 0.76329
1.26161 0.761719

1.2793 0.746194
1.27278 0.751953

1.26953 0.754864
1.27284 0.751953

1.2793 0.746158
1.28366 0.742188

1.30859 0.718176
1.3041 0.722656

1.29883 0.72782
1.29403 0.732422

1.28906 0.737151
1.29408 0.732422

1.29883 0.72782
1.3041 0.722656

1.31836 0.70819
1.31382 0.712891

1.30859 0.718172
1.31379 0.712891

1.31836 0.708182
1.32316 0.703125

1.36719 0.652826
1.366 0.654297

1.36601 0.654297
1.35793 0.664062

1.34766 0.676085
1.34109 0.683594

1.33789 0.687112
1.33231 0.693359

1.32812 0.697845
1.33224 0.693359

1.33789 0.687146
1.34105 0.683594

1.35742 0.664668
1.34963 0.673828

1.34766 0.676086
1.34961 0.673828

1.35742 0.664654
1.35792 0.664062

1.37695 0.640547
1.37387 0.644531

1.38672 0.627946
1.38151 0.634766

1.37695 0.640604
1.3815 0.634766

1.36719 0.652829
1.37386 0.644531

1.38672 0.627967
1.38893 0.625

